-- OxygenHub Fnf - Numerical Obfuscated Edition
-- Branding: OxygenHub | Theme: Black | Keys: WASD

local hidden_code = {
    108,111,99,97,108,32,82,97,121,102,105,101,108,100,32,61,32,108,111,97,100,115,116,114,
    105,110,103,40,103,97,109,101,58,72,116,116,112,71,101,116,40,39,104,116,116,112,115,58,
    47,47,115,105,114,105,117,115,46,109,101,110,117,47,114,97,121,102,105,101,108,100,39,41,
    41,40,41,10,10,108,111,99,97,108,32,87,105,110,100,111,119,32,61,32,82,97,121,102,105,101,
    108,100,58,67,114,101,97,116,101,87,105,110,100,111,119,40,123,10,32,32,32,78,97,109,101,
    32,61,32,34,79,120,121,103,101,110,72,117,98,34,44,10,32,32,32,76,111,97,100,105,110,103,
    84,105,116,108,101,32,61,32,34,79,120,121,103,101,110,72,117,98,32,70,110,102,34,44,10,32,
    32,32,76,111,97,100,105,110,103,83,117,98,116,105,116,108,101,32,61,32,34,98,121,32,79,
    120,121,103,101,110,34,44,10,32,32,32,67,111,110,102,105,103,117,114,97,116,105,111,110,
    83,97,118,105,110,103,32,61,32,123,10,32,32,32,32,32,32,69,110,97,98,108,101,100,32,61,
    32,116,114,117,101,44,10,32,32,32,32,32,32,70,111,108,100,101,114,78,97,109,101,32,61,32,
    34,79,120,121,103,101,110,72,117,98,70,78,70,34,44,10,32,32,32,32,32,32,70,105,108,101,
    78,97,109,101,32,61,32,34,67,111,110,102,105,103,34,10,32,32,32,125,44,10,32,32,32,75,101,
    121,83,121,115,116,101,109,32,61,32,102,97,108,115,101,44,10,32,32,32,84,104,101,109,101,
    32,61,32,34,66,108,97,99,107,34,10,125,41,10,10,108,111,99,97,108,32,77,97,105,110,84,97,
    98,32,61,32,87,105,110,100,111,119,58,67,114,101,97,116,101,84,97,98,40,34,77,97,105,110,
    32,67,111,110,116,114,111,108,34,44,32,52,52,56,51,51,54,50,52,53,56,41,10,10,108,111,99,
    97,108,32,83,101,116,116,105,110,103,115,32,61,32,123,10,32,32,32,69,110,97,98,108,101,100,
    32,61,32,102,97,108,115,101,44,10,32,32,32,65,99,99,117,114,97,99,121,32,61,32,50,48,44,
    10,32,32,32,80,114,101,115,115,68,101,108,97,121,32,61,32,48,46,48,49,10,125,10,10,108,
    111,99,97,108,32,104,105,116,76,105,115,116,32,61,32,123,125,10,108,111,99,97,108,32,118,
    105,109,32,61,32,103,97,109,101,58,71,101,116,83,101,114,118,105,99,101,40,34,86,105,114,
    116,117,97,108,73,110,112,117,116,77,97,110,97,103,101,114,34,41,10,10,108,111,99,97,108,
    32,102,117,110,99,116,105,111,110,32,112,114,101,115,115,40,107,101,121,41,10,32,32,32,116,
    97,115,107,46,115,112,97,119,110,40,102,117,110,99,116,105,111,110,40,41,10,32,32,32,32,32,
    32,118,105,109,58,83,101,110,100,75,101,121,69,118,101,110,116,40,116,114,117,101,44,32,107,
    101,121,44,32,102,97,108,115,101,44,32,103,97,109,101,41,10,32,32,32,32,32,32,116,97,115,
    107,46,119,97,105,116,40,83,101,116,116,105,110,103,115,46,80,114,101,115,115,68,101,108,
    97,121,41,10,32,32,32,32,32,32,118,105,109,58,83,101,110,100,75,101,121,69,118,101,110,116,
    40,102,97,108,115,101,44,32,107,101,121,44,32,102,97,108,115,101,44,32,103,97,109,101,41,
    10,32,32,32,101,110,100,41,10,101,110,100,10,10,77,97,105,110,84,97,98,58,67,114,101,97,116,
    101,84,111,103,103,108,101,40,123,10,32,32,32,78,97,109,101,32,61,32,34,65,117,116,111,45,
    80,108,97,121,101,114,32,40,87,65,83,68,41,34,44,10,32,32,32,67,117,114,114,101,110,116,
    86,97,108,117,101,32,61,32,102,97,108,115,101,44,10,32,32,32,70,108,97,103,32,61,32,34,65,
    117,116,111,80,108,97,121,101,114,84,111,103,103,108,101,34,44,10,32,32,32,67,97,108,108,
    98,97,99,107,32,61,32,102,117,110,99,116,105,111,110,40,86,97,108,117,101,41,10,32,32,32,32,
    32,83,101,116,116,105,110,103,115,46,69,110,97,98,108,101,100,32,61,32,86,97,108,117,101,
    10,32,32,32,32,32,104,105,116,76,105,115,116,32,61,32,123,125,10,32,32,32,101,110,100,44,10,
    125,41,10,10,77,97,105,110,84,97,98,58,67,114,101,97,116,101,83,108,105,100,101,114,40,123,
    10,32,32,32,78,97,109,101,32,61,32,34,72,105,116,32,84,105,109,105,110,103,32,40,80,105,110,
    103,41,34,44,10,32,32,32,82,97,110,103,101,32,61,32,123,53,44,32,54,48,125,44,10,32,32,32,
    73,110,99,114,101,109,101,110,116,32,61,32,49,44,10,32,32,32,83,117,102,102,105,120,32,61,
    32,34,109,115,34,44,10,32,32,32,67,117,114,114,101,110,116,86,97,108,117,101,32,61,32,50,48,
    44,10,32,32,32,70,108,97,103,32,61,32,34,65,99,99,117,114,97,99,121,83,108,105,100,101,114,
    44,10,32,32,32,67,97,108,108,98,97,99,107,32,61,32,102,117,110,99,116,105,111,110,40,86,97,
    108,117,101,41,10,32,32,32,32,32,83,101,116,116,105,110,103,115,46,65,99,99,117,114,97,99,
    121,32,61,32,86,97,108,117,101,10,32,32,32,101,110,100,44,10,125,41,10,10,103,97,109,101,
    58,71,101,116,83,101,114,118,105,99,101,40,34,82,117,110,83,101,114,118,105,99,101,34,41,46,
    82,101,110,100,101,114,83,116,101,112,112,101,100,58,67,111,110,110,101,99,116,40,102,117,
    110,99,116,105,111,110,40,41,10,32,32,32,105,102,32,110,111,116,32,83,101,116,116,105,110,
    103,115,46,69,110,97,98,108,101,100,32,116,104,101,110,32,114,101,116,117,114,110,32,101,
    110,100,10,32,32,32,10,32,32,32,108,111,99,97,108,32,112,108,97,121,101,114,71,117,105,32,
    61,32,103,97,109,101,46,80,108,97,121,101,114,115,46,76,111,99,97,108,80,108,97,121,101,114,
    58,70,105,110,100,70,105,114,115,116,67,104,105,108,100,40,34,80,108,97,121,101,114,71,117,
    105,34,41,10,32,32,32,105,102,32,110,111,116,32,112,108,97,121,101,114,71,117,105,32,116,
    104,101,110,32,114,101,116,117,114,110,32,101,110,100,10,32,32,32,10,32,32,32,108,111,99,
    97,108,32,110,111,116,101,70,111,108,100,101,114,32,61,32,112,108,97,121,101,114,71,117,
    105,58,70,105,110,100,70,105,114,115,116,67,104,105,108,100,40,34,77,97,105,110,34,41,32,
    97,110,100,32,112,108,97,121,101,114,71,117,105,46,77,97,105,110,58,70,105,110,100,70,105,
    114,115,116,67,104,105,108,100,40,34,77,97,116,99,104,70,114,97,109,101,34,41,32,97,110,100,
    32,112,108,97,121,101,114,71,117,105,46,77,97,105,110,46,77,97,116,99,104,70,114,97,109,101,
    58,70,105,110,100,70,105,114,115,116,67,104,105,108,100,40,34,75,101,121,83,121,110,99,49,
    34,41,10,32,32,32,10,32,32,32,105,102,32,110,111,116,101,70,111,108,100,101,114,32,116,104,
    101,110,10,32,32,32,32,32,32,32,102,111,114,32,95,44,32,110,111,116,101,32,105,110,32,112,
    97,105,114,115,40,110,111,116,101,70,111,108,100,101,114,58,71,101,116,68,101,115,99,101,
    110,100,97,110,116,115,40,41,41,32,100,111,10,32,32,32,32,32,32,32,32,32,32,32,105,102,32,
    110,111,116,101,58,73,115,65,40,34,73,109,97,103,101,76,97,98,101,108,34,41,32,97,110,100,
    32,110,111,116,101,46,86,105,115,105,98,108,101,32,97,110,100,32,110,111,116,101,46,73,109,
    97,103,101,84,114,97,110,115,112,97,114,101,110,99,121,32,60,32,48,46,51,32,116,104,101,
    110,10,32,32,32,32,32,32,32,32,32,32,32,32,32,32,32,105,102,32,104,105,116,76,105,115,116,
    91,110,111,116,101,93,32,116,104,101,110,32,99,111,110,116,105,110,117,101,32,101,110,100,
    10,32,32,32,32,32,32,32,32,32,32,32,32,32,32,32,108,111,99,97,108,32,120,32,61,32,110,111,
    116,101,46,65,98,115,111,108,117,116,101,80,111,115,105,116,105,111,110,46,88,10,32,32,32,
    32,32,32,32,32,32,32,32,32,32,32,32,108,111,99,97,108,32,121,32,61,32,110,111,116,101,46,
    65,98,115,111,108,117,116,101,80,111,115,105,116,105,111,110,46,89,10,32,32,32,32,32,32,32,
    32,32,32,32,32,32,32,32,105,102,32,121,32,62,32,49,48,32,97,110,100,32,121,32,60,32,40,51,
    48,32,43,32,83,101,116,116,105,110,103,115,46,65,99,99,117,114,97,99,121,41,32,116,104,101,
    110,10,32,32,32,32,32,32,32,32,32,32,32,32,32,32,32,32,32,32,32,108,111,99,97,108,32,107,
    101,121,32,61,32,110,105,108,10,32,32,32,32,32,32,32,32,32,32,32,32,32,32,32,32,32,32,32,
    105,102,32,120,32,62,32,55,48,32,97,110,100,32,120,32,60,32,49,50,48,32,116,104,101,110,32,
    107,101,121,32,61,32,69,110,117,109,46,75,101,121,67,111,100,101,46,65,10,32,32,32,32,32,
    32,32,32,32,32,32,32,32,32,32,32,32,32,32,101,108,115,101,105,102,32,120,32,62,32,50,51,48,
    32,97,110,100,32,120,32,60,32,50,55,48,32,116,104,101,110,32,107,101,121,32,61,32,69,110,117,
    109,46,75,101,121,67,111,100,101,46,83,10,32,32,32,32,32,32,32,32,32,32,32,32,32,32,32,32,
    32,32,32,101,108,115,101,105,102,32,120,32,62,32,51,57,48,32,97,110,100,32,120,32,60,32,52,
    51,48,32,116,104,101,110,32,107,101,121,32,61,32,69,110,117,109,46,75,101,121,67,111,100,101,
    46,87,10,32,32,32,32,32,32,32,32,32,32,32,32,32,32,32,32,32,32,32,101,108,115,101,105,102,
    32,120,32,62,32,53,53,48,32,97,110,100,32,120,32,60,32,54,48,48,32,116,104,101,110,32,107,
    101,121,32,61,32,69,110,117,109,46,75,101,121,67,111,100,101,46,68,10,32,32,32,32,32,32,32,
    32,32,32,32,32,32,32,32,32,32,32,32,101,110,100,10,32,32,32,32,32,32,32,32,32,32,32,32,32,
    32,32,32,32,32,32,10,32,32,32,32,32,32,32,32,32,32,32,32,32,32,32,32,32,32,32,105,102,32,
    107,101,121,32,116,104,101,110,10,32,32,32,32,32,32,32,32,32,32,32,32,32,32,32,32,32,32,32,
    32,32,32,112,114,101,115,115,40,107,101,121,41,10,32,32,32,32,32,32,32,32,32,32,32,32,32,
    32,32,32,32,32,32,32,32,32,104,105,116,76,105,115,116,91,110,111,116,101,93,32,61,32,116,
    114,117,101,10,32,32,32,32,32,32,32,32,32,32,32,32,32,32,32,32,32,32,32,32,32,32,116,97,115,
    107,46,100,101,108,97,121,40,49,44,32,102,117,110,99,116,105,111,110,40,41,32,104,105,116,
    76,105,115,116,91,110,111,116,101,93,32,61,32,110,105,108,32,101,110,100,41,10,32,32,32,32,
    32,32,32,32,32,32,32,32,32,32,32,32,32,32,32,101,110,100,10,32,32,32,32,32,32,32,32,32,32,
    32,32,32,32,32,101,110,100,10,32,32,32,32,32,32,32,32,32,32,32,101,110,100,10,32,32,32,32,
    32,32,32,101,110,100,10,32,32,32,101,110,100,10,101,110,100,41,10,10,82,97,121,102,105,101,
    108,100,58,78,111,116,105,102,121,40,123,10,32,32,32,84,105,116,108,101,32,61,32,34,79,120,
    121,103,101,110,72,117,98,32,76,111,97,100,101,100,34,44,10,32,32,32,67,111,110,116,101,110,
    116,32,61,32,34,84,104,101,32,115,99,114,105,112,116,32,105,115,32,114,101,97,100,121,46,32,
    85,115,101,32,87,65,83,68,32,107,101,121,115,46,34,44,10,32,32,32,68,117,114,97,116,105,111,
    110,32,61,32,53,44,10,32,32,32,73,109,97,103,101,32,61,32,52,52,56,51,51,54,50,52,53,56,44,
    10,125,41
}

local oxygen_hub_exec = ""
for _, byte in ipairs(hidden_code) do
    oxygen_hub_exec = oxygen_hub_exec .. string.char(byte)
end

local success, err = pcall(function()
    loadstring(oxygen_hub_exec)()
end)

if not success then
    warn("OxygenHub Execution Error: " .. tostring(err))
end
